Request	Payload	Status	Time of day	Response received	Response completed	Error	Timeout	Length	Cookies	Comment
0		200	1684919413569	16	16	false	false	10621		
1	01	200	1684919413664	16	16	false	false	10621		
2	02	200	1684919413775	16	16	false	false	10621		
3	03	200	1684919413886	15	15	false	false	10621		
4	04	200	1684919413997	15	15	false	false	10621		
5	05	200	1684919414107	15	15	false	false	10621		
6	06	200	1684919414217	15	15	false	false	10621		
7	07	200	1684919414327	16	21	false	false	10621		
8	08	200	1684919414438	16	16	false	false	10621		
9	09	200	1684919414549	15	15	false	false	10621		
10	10	200	1684919414659	16	16	false	false	10621		
11	11	200	1684919414769	16	16	false	false	10621		
12	12	200	1684919414880	62	62	false	false	10621		
13	13	200	1684919414990	16	16	false	false	10621		
14	14	200	1684919415101	15	15	false	false	10621		
15	15	200	1684919415211	16	16	false	false	10621		
16	16	200	1684919415321	16	16	false	false	10621		
17	17	200	1684919415431	19	19	false	false	10621		
18	18	200	1684919415541	16	16	false	false	10621		
19	19	200	1684919415651	16	16	false	false	10621		
20	20	200	1684919415763	16	16	false	false	10621		
21	21	200	1684919415873	16	16	false	false	10621		
22	22	200	1684919415984	15	15	false	false	10621		
23	23	200	1684919416094	16	16	false	false	10621		
24	24	200	1684919416205	16	16	false	false	10621		
25	25	200	1684919416314	16	16	false	false	10621		
26	26	200	1684919416425	15	15	false	false	10621		
27	27	200	1684919416535	17	17	false	false	10621		
28	28	200	1684919416646	16	16	false	false	10621		Fecha real
29	29	200	1684919416756	16	26	false	false	10621		
30	30	200	1684919416861	16	16	false	false	10621		
31	31	200	1684919416973	16	16	false	false	10621		
